,ID,Tracks
0,6260155,willow
1,6260160,champagne problems
2,6260161,gold rush
3,6260163,tis the damn season
4,6260164,tolerate it
5,6260165,"no body, no crime"
6,6260166,happiness
7,6260167,dorothea
8,6260168,coney island
9,6260153,ivy
10,6260173,cowboy like me
11,6260174,long story short
12,6260158,marjorie
13,6260162,closure
14,6260141,evermore
15,6263242,right where you left me
16,6260178,its time to go
17,6284890,Evermore [Liner Notes]
